%YAML:1.0
CameraMat: !!opencv-matrix
   rows: 3
   cols: 3
   dt: d
   data: [ 1.714674e+03, 0.000000e+00, 5.888601e+02, 
           0.000000e+00, 1.764248e+03, 3.165544e+02,
           0.000000e+00, 0.000000e+00, 1.000000e+00 ]
DistCoeff: !!opencv-matrix
   rows: 1
   cols: 5
   dt: d
   data: [ 0., 0., 0., 0., 0. ]
ImageSize: [ 1.280000e+03, 7.200000e+02 ]
ReprojectionError: 3.9271711128416248e-01
